-1 -1 -1 3 14 3378 2801 34 0.44 1 DMulAdd
-1 -1 -1 3 14 3378 2801 34 0.44 1 DMulAdd
-1 -1 -1 4 14 3328 2801 32 3.07 1 DMulAdd
-1 -1 -1 4 14 3328 2801 32 3.07 1 DMulAdd
-1 -1 -1 5 14 1639 2166 22 4.59 1 DMulAdd
-1 -1 -1 5 14 1639 2166 22 4.59 1 DMulAdd
-1 -1 -1 6 14 1414 2081 19 3.54 1 DMulAdd
-1 -1 -1 6 14 1414 2081 19 3.54 1 DMulAdd
-1 -1 -1 7 14 1287 2071 15 4.19 1 DMulAdd
-1 -1 -1 7 14 1287 2071 15 4.19 1 DMulAdd
-1 -1 -1 8 14 1232 2059 14 4.19 1 DMulAdd
-1 -1 -1 8 14 1232 2059 14 4.19 1 DMulAdd
-1 -1 -1 9 14 1194 2058 13 4.31 1 DMulAdd
-1 -1 -1 9 14 1194 2058 13 4.31 1 DMulAdd
-1 -1 -1 10 14 1017 2058 13 3.31 1 DMulAdd
-1 -1 -1 10 14 1017 2058 13 3.31 1 DMulAdd
-1 -1 -1 12.5 14 935 2102 9 6.94 1 DMulAdd
-1 -1 -1 12.5 14 935 2102 9 6.94 1 DMulAdd
-1 -1 -1 15 14 935 2102 9 14.44 1 DMulAdd
-1 -1 -1 15 14 935 2102 9 14.44 1 DMulAdd
-1 -1 -1 16 14 898 2083 7 11.4 1 DMulAdd
-1 -1 -1 16 14 898 2083 7 11.4 1 DMulAdd
-1 -1 -1 17.5 14 898 2083 7 9.9 1 DMulAdd
-1 -1 -1 17.5 14 898 2083 7 9.9 1 DMulAdd
-1 -1 -1 20 14 898 2083 7 7.4 1 DMulAdd
-1 -1 -1 20 14 898 2083 7 7.4 1 DMulAdd
-1 -1 -1 25 14 835 2083 7 2.4 1 DMulAdd
-1 -1 -1 25 14 835 2083 7 2.4 1 DMulAdd
-1 -1 -1 30 14 745 2023 6 8.6 1 DMulAdd
-1 -1 -1 30 14 745 2023 6 8.6 1 DMulAdd